8242
8999
9658
5830
6299
5842
5438
4526
3877
9426
1461
2726
1686
996
627
3239
668
6598
262
418
9737
7141
4003
8004
1406
237
8046
8056
3091
2896
3342
7021
5649
3783
4598
914
7162
2668
5512
9134
7577
2070
4193
7208
1056
8586
5466
5331
1226
6766
5446
8925
9035
3699
7818
7146
1597
4524
4081
5940
6910
7202
6594
3171
4400
9158
9570
1764
7206
6423
215
6556
4213
9646
6669
225
3581
5844
3302
7243
6081
9228
7733
7680
5718
3717
291
9114
1423
5390
404
5356
4540
2980
8775
368
4800
1953
3422
701
5824
1558
7828
8886
4816
3558
4440
8707
8146
6027
4295
9170
9364
5208
3749
8359
8432
4692
2631
3664
1298
439
3936
7992
3213
2564
3235
4735
6282
5494
595
9676
6562
7111
1690
1445
3024
6316
1746
3794
7303
3995
1216
4978
2766
5696
8254
7788
3651
4313
6211
2343
4452
6896
5666
942
3681
140
5724
4538
9075
6705
5231
4391
1583
2355
69
9396
7931
6776
9400
2090
1786
343
9668
3203
733
8182
2730
1508
3296
6750
5834
2244
3332
3567
1144
6219
3167
9194
8184
9276
6069
8142
8134
2922
7750
3193
1283
8659
9124
1996
9432
3900
8564
3241
5763
1451
6931
4783
3222
633
8651
4658
2714
7307
3529
6746
2268
561
5164
6501
2127
171
779
4672
3018
127
2166
6107
7099
5710
9214
4231
6175
8856
3459
6263
3767
1421
4153
870
4239
1934
5204
3068
807
287
9444
2060
5354
2507
2597
2072
7087
6163
2808
3286
4021
233
5651
4035
7571
4187
932
3078
7211
7774
1956
3755
6169
1570
6871
1029
2226
3304
3801
8961
1471
9708
9416
6857
7988
2716
5548
739
5958
295
2105
311
8632
593
5402
2601
3898
6127
813
3340
4027
5147
5418
2692
6499
8458
251
9077
5526
5797
4289
2672
4664
730
8494
657
6029
7246
3679
9568
4444
1325
7731
7947
6818
7718
5247
3954
3878
3593
3840
1270
4325
7674
8132
7163
7748
7055
8888
7806
1723
8936
3163
7189
5432
353
5366
7976
2754
7895
9180
6592
5480
3461
974
2840
493
4195
4087
1577
5765
659
2710
8723
5478
7179
3892
8556
2043
2599
4822
973
5789
3829
3814
4456
4233
9188
4079
9719
9652
449
8560
3661
6945
1900
167
9609
9648
7877
5294
978
2990
6153
9138
2130
2886
2379
8868
9120
2160
3595
1889
2632
5674
2351
5558
8542
7887
7594
2585
7980
6185
386
3713
8858
3364
2888
4884
4566
792
467
7187
7271
9611
3884
9581
8343
5746
2958
6324
2235
1086
1228
8460
6512
1370
9212
5584
8969
5803
6071
5430
5670
325
7579
5637
4181
6399
1647
6888
9081
2694
1825
8058
2752
2359
294
9572
2395
4185
1482
9577
1080
9162
6415
856
4849
4862
6179
9739
8500
8472
4404
645
8862
4727
946
7682
2994
5172
6482
1980
3497
565
5930
2942
1410
3080
4385
9440
8450
587
2258
2566
882
3183
8349
7702
8097
762
3559
5761
6223
9292
8554
4798
5912
3635
1196
8981
2100
4718
7698
1865
4961
1698
8520
4796
6306
8639
4676
3771
1637
3360
5220
2324
6380
1553
1788
722
6155
6195
5910
3223
6754
1042
2331
7617
9128
3525
8928
2453
2083
1714
8118
6295
1615
9757
2117
4644
1478
4341
8311
59
9595
2493
7678
4869
1803
461
6045
5769
38
7073
4075
1942
8050
1386
7812
1562
1901
301
860
5634
6966
545
402
6861
8393
9508
2397
4682
7353
3450
3858
6330
8462
3173
5918
1473
2295
3769
8207
515
3894
623
4251
2709
153
8783
8084
603
7893
7758
2638
244
1419
9660
783
2846
5269
6407
6023
9366
1609
6768
4323
8205
5944
9603
5388
6278
4468
3678
8528
6853
6808
24
5672
57
1004
7796
3665
4396
9615
7746
9332
487
6958
2222
3653
8721
1256
9562
2029
4944
3988
1831
9316
2660
8973
406
843
6256
5546
639
3796
4761
2475
9617
2978
1128
7316
9041
6364
4123
2532
1428
5560
7670
9607
9222
8917
209
3121
4422
3093
8614
3631
9059
3969
9746
173
1766
4059
2316
1268
6762
653
2463
7315
6485
9755
1849
4227
4578
3761
766
1605
6822
1512
4173
2442
6103
5639
5454
567
3269
8844
8949
107
3362
4061
3084
4207
2603
7982
3326
8915
9763
1319
9560
7964
6057
6831
1978
2636
9148
7962
8168
2688
5811
1258
6770
6000
5736
3806
5751
5643
3818
4019
3848
6151
8488
4725
8997
1046
5170
2062
5522
8200
2587
1279
1282
6615
3338
133
3366
8753
7712
3394
6061
2403
1581
6600
245
2700
9108
9546
4636
2860
7743
8807
4907
9579
5972
4759
3991
5907
8211
5901
5348
858
4269
1520
8020
340
6653
3886
7978
3272
485
8209
2040
5708
1152
8963
8498
501
9678
1156
7200
2016
5740
6111
8548
2648
249
4373
8512
3400
2646
2373
4301
1333
5899
94
982
3723
2944
547
5168
8592
6859
5434
5720
715
2124
2780
8911
7213
8842
4047
8128
1241
2020
5613
1150
1130
4478
8442
4438
1372
6199
2760
8719
5364
1754
3113
2913
370
313
4121
4267
6476
4592
6464
8036
1036
5214
8292
1190
5668
7692
3787
924
966
3356
8895
5261
2248
4442
2613
8347
4095
958
2954
4161
3107
6123
5176
9216
9248
4013
4150
9025
5263
3655
8438
9639
2848
8298
2357
9306
1376
3552
4650
557
8221
5895
6840
8751
1728
5795
6141
4183
2206
1859
6742
5742
3444
956
1415
2720
6246
6338
4491
2936
2640
7232
7083
8010
193
9182
930
4237
36
5183
8588
3486
2740
7604
643
3765
9446
6397
100
5452
1317
7276
329
1500
5229
3310
8014
7225
1641
5680
5597
5251
1516
7802
9597
4680
4737
8604
5412
1871
1518
5903
6533
3495
8667
6417
3844
3926
6006
453
5694
374
9650
2524
3643
420
3548
3260
5988
3151
8054
663
4640
7984
9635
6639
3115
2149
707
7598
6447
1329
7274
2509
2434
6954
9731
2031
9684
4591
1987
9605
6332
9644
678
631
2784
9071
2096
2483
6012
1730
263
5914
1243
5475
3710
18
5848
4558
47
8787
1248
8562
8391
8192
1436
1220
7919
649
8502
3195
9621
5195
8653
7792
253
2213
5346
5202
5304
2556
4570
2111
7848
8112
3197
78
7157
5488
3256
8987
1490
5589
922
4293
3097
2544
4602
8538
9488
2605
5791
7045
9759
8
3322
3038
3006
7318
8440
597
1132
4025
3243
5952
1492
3888
7116
3378
8178
366
3298
5472
1514
7782
9601
8216
9406
743
2491
4029
5216
5428
4037
6065
6350
7927
5698
5362
1655
1573
9085
1264
9057
672
8675
8942
2972
7168
9174
3191
380
1671
6986
1927
1345
8689
6734
4365
4604
8799
9662
7338
3262
3621
7184
1599
2830
9664
3623
207
731
279
5574
5922
655
8333
1388
3956
1182
9536
6478
475
3032
2511
2503
1044
1661
9682
2412
9466
4733
6519
8693
8075
2132
1443
7230
9554
861
271
8825
7546
8957
4947
5645
73
8864
5376
7000
3133
7117
2993
121
1589
4791
5893
8606
1704
9352
1938
7320
1770
424
6159
4219
3189
3376
4576
3088
3597
7098
9079
7267
2477
1530
5603
8817
3448
1536
2371
821
8838
1273
4626
2191
6515
3578
4089
9392
4091
8412
6726
1102
4552
2027
7019
4872
7953
6308
7011
4426
4175
6365
4876
9208
2770
8144
3155
2239
428
8821
750
3691
5990
5856
98
3946
5179
1287
1192
8737
6748
4381
8160
5934
6382
4430
2004
7658
1141
6523
3675
3607
2170
6790
4454
8140
3292
582
7027
1158
4606
4201
3745
7600
4255
4622
8813
9246
5866
6125
8414
3300
7262
5300
7051
8801
8647
749
6171
84
8975
1696
377
7107
8854
8995
2538
8375
5380
8923
2898
2541
8236
9073
2293
3757
7800
7091
7085
3950
4911
5532
8991
8166
8645
2270
5757
6620
579
1394
9284
3165
2228
3306
7711
2920
8273
75
2577
888
189
2782
8709
497
163
912
5568
1122
6073
4106
1480
3571
6956
289
4235
2422
2934
9542
5815
1031
9566
990
7115
2256
4110
8735
6684
1932
2528
7970
509
2854
2560
9414
5200
4834
3012
2822
8329
4354
4624
1809
4157
2607
980
2595
4700
4225
3020
1306
7287
3808
817
2562
8156
900
682
3258
2236
7120
3070
896
6756
7137
2147
5928
8661
3938
1837
6314
5744
2687
2862
6191
2758
4729
1819
7974
890
260
5404
9132
1338
4063
6607
2670
1302
9472
9320
4901
1795
2666
235
1821
2098
5854
1748
2706
9631
1126
9766
5960
7102
30
9534
1829
6443
1587
2838
1839
3673
45
5274
4043
8715
1930
4866
4818
876
2455
9126
2280
1062
5267
5227
6431
1575
9258
3424
1752
2842
9374
4408
4652
7996
944
615
1277
3701
7563
3697
2136
1339
9642
82
7549
8763
8486
8269
2876
4694
5732
2196
2712
8162
2215
6617
86
5162
7631
2908
9290
892
4285
6806
3473
3030
6
6221
7089
6826
8697
9506
7842
553
7907
6547
2000
5224
5976
4345
1579
346
6728
4033
960
8170
6161
8739
8612
8598
6016
1936
1417
3824
8248
2678
2274
8767
7007
1905
195
3775
8244
7776
9498
7654
6273
8655
96
4131
531
9280
5905
9743
6513
4628
5734
3862
422
9518
2176
4045
2010
6576
5442
8060
1813
7889
32
6366
1168
2662
1010
6553
5821
6898
5181
6865
2365
8540
998
2006
2526
3430
4534
8387
5974
1961
7766
3971
4620
9424
7252
5793
5374
3048
5932
9741
7891
9061
3531
3219
1184
217
2951
9358
7810
8685
2900
2788
3830
2914
8361
1309
3179
1560
3527
4775
5883
8303
7780
5846
1892
3284
8365
8318
448
7299
3402
5726
1857
9242
5799
5524
8576
3729
6049
8100
6201
4536
5586
9370
5840
8079
3685
8353
7065
2174
5536
8954
4104
1688
4101
2621
2119
6778
6312
8669
7820
5222
6165
9350
5383
2383
205
9049
6628
1883
3205
6507
9704
231
3753
9002
9234
2459
9388
5871
4554
1760
2824
8116
9438
1110
3832
3231
9268
952
1488
8067
4731
2152
3711
5160
3615
4614
7998
5582
5302
8743
4544
4530
5385
7291
6574
2917
4793
459
6405
4642
4171
6884
441
4634
7619
7553
2050
3932
601
7850
755
9330
7110
1681
6630
155
8271
1915
4369
8320
2418
1534
7069
4568
5350
3434
88
2234
1314
4108
5444
3076
4497
862
2384
1434
3436
2262
273
1738
2732
5948
7840
7296
2471
3350
8791
8566
825
2045
8570
1502
6077
1266
431
2260
2776
9278
8781
5286
9398
7171
3175
7173
4039
8717
3124
9490
6843
3117
9696
3647
198
5963
6427
4155
7199
6813
1084
7966
9654
1244
1879
6409
4688
528
6849
9118
338
9043
7223
9587
6033
6740
9480
2867
9017
9613
7770
4167
3536
1026
2409
1593
8578
8574
3880
5860
1867
507
5647
9404
7834
3543
5658
8546
761
9748
7150
6189
8077
6193
6203
316
902
3149
674
6863
5233
9512
5145
1532
801
4135
8404
4243
9160
3860
6545
8771
4714
5210
1108
7096
8102
3336
6293
713
8088
7662
6605
8649
8846
2982
9680
6671
2816
3487
2143
2054
5408
3090
4763
4249
179
3463
7322
3687
5783
3380
2013
7722
8290
8214
7814
7862
4802
2654
364
9270
1917
5448
918
177
6760
6845
8490
9322
379
8048
5410
6334
6539
7209
81
8006
1885
2812
3414
5946
3249
9402
5265
7558
898
2928
8608
8741
7147
5490
4808
7870
3499
5715
6517
2579
934
3541
4217
9574
5320
9727
2068
3215
8532
3693
9368
4191
5420
2388
7790
3282
6487
8508
8363
8024
7581
1396
7762
3671
3452
8280
7152
8379
7860
9250
6227
6572
5969
1963
8848
1627
6982
6867
1382
1094
3475
9013
5398
4271
8903
8071
2790
4828
9150
5249
433
7994
4458
3882
2966
1992
8381
3382
6505
8757
5378
5554
6429
7608
4706
5704
2329
8104
6437
6626
9029
8572
7023
1682
1040
6395
1869
8616
2628
8062
8275
9474
2318
4596
8032
5282
8518
8098
471
469
8316
8882
4023
1720
7737
7639
3649
4383
2818
4920
767
3354
7341
9430
4398
51
3934
938
4031
6421
5738
8042
9220
1484
6025
2882
2664
6752
4283
2764
1591
2658
6613
8701
4755
7237
9422
6335
3820
951
5468
3508
1206
5850
4477
8630
3034
6231
8110
9092
522
8795
5394
3225
3503
5458
4781
3254
491
8152
3036
2568
5314
6568
1202
6331
3733
4505
9202
135
7075
5310
2806
3958
3519
5243
1100
146
1677
693
3625
8594
3426
684
2194
3185
4117
6973
9717
3511
9464
7013
7269
6635
7838
9015
1366
7885
3046
445
8860
5225
5873
988
9702
9196
5370
4812
3779
8136
5218
7138
2066
1734
4674
4009
1925
2804
3062
9090
7650
6588
4143
345
4428
8264
6893
2389
6020
3735
6059
6002
3669
8114
2680
1551
1142
4331
103
5530
1176
5271
9031
2320
8913
1120
8186
4414
6587
4057
6611
3328
6129
7939
2182
5326
3743
1136
7139
2548
6794
481
7644
3143
962
7941
4864
3352
541
3944
6145
2591
5836
1012
9729
9625
968
7629
2878
717
9172
1360
4007
4335
7602
8408
1772
8727
327
9619
4501
3388
298
7336
4462
2104
7273
5748
8755
7899
6929
6413
6235
1188
4656
3290
451
41
1855
2623
1432
3975
6183
5516
5486
692
2570
5864
4460
8480
8256
8921
3418
511
777
1815
1968
6637
3619
384
9154
8979
1724
2581
9520
8389
3004
2925
1950
3852
2231
5627
8022
5198
8227
1823
3549
5956
34
5235
1977
785
1975
8377
8422
3561
8028
9576
6659
4116
1635
4119
4708
1390
7270
2
7166
4317
4820
866
4777
1897
6213
6384
227
9544
7633
5545
1841
7259
1276
575
4337
8466
5424
8250
5777
2962
9152
827
7149
4720
4586
6468
2796
4371
9100
186
4662
3523
6280
1629
5556
6271
9500
2035
9564
1768
4315
6357
7794
5342
1994
2473
3874
8536
8383
5396
8932
5759
8983
4516
4871
2998
2465
523
2178
986
3589
7567
8558
3099
4424
3942
4099
9262
2467
489
3406
372
4112
9524
3000
2337
3826
6425
1625
8444
1595
7772
9006
2617
6205
5889
2736
5877
1238
6456
1545
4221
3963
7248
3705
7575
2008
948
680
7175
2208
144
4133
6772
333
479
2546
1670
102
868
9486
3266
6710
6580
2800
7093
8749
1572
5621
7951
7881
4684
7261
8965
1072
1538
3763
2369
1827
6209
281
6053
9548
4387
455
2552
1398
4513
3721
4125
8188
9384
8909
8367
5926
4723
9376
6480
6570
1024
9380
2095
5156
6493
157
7685
6581
6641
2684
9478
592
2052
8464
2144
6525
4744
5308
1940
1799
4276
9336
5550
9711
9382
1555
7635
7627
1778
7804
2481
6119
3627
3201
8373
2748
2520
894
7148
4548
605
7726
3617
2272
7081
2489
3997
6043
1467
4509
3161
9468
6596
2189
12
8635
6014
6952
2583
699
8288
1692
8282
3537
6697
3575
7144
2211
8892
2844
5239
5609
2968
916
747
6207
67
221
7883
9694
6942
517
7959
4550
5288
3199
4495
4203
1459
3105
9230
5832
2724
267
4824
5509
2495
4648
9670
1928
1457
5436
697
741
3054
1774
7852
255
6035
3816
5534
8325
1851
3416
7910
8687
2864
8765
7668
8522
9260
6984
1896
1611
6067
3555
1194
5564
6736
7704
4434
8840
388
3008
1439
8803
