1698
137
5649
8343
1560
8987
6103
7854
1752
6197
5388
445
1072
82
3703
3121
2072
8092
6547
4400
8669
2213
233
273
1613
3356
4243
7720
6776
6893
9516
5742
4598
5787
5378
9025
668
4367
2917
5160
6380
3479
6845
2750
6945
6045
4530
8180
249
707
4558
3225
2890
4398
4484
5864
6395
4261
5512
7283
1960
2638
5170
8320
8825
3429
8436
9196
898
1690
144
4578
8278
7708
924
940
2405
8341
1573
9737
962
1029
2672
5924
6861
8442
5156
1736
2234
9370
882
7274
9570
6306
4460
1942
2709
773
1813
5358
1439
102
4775
8160
6320
2982
7852
3790
1188
5795
3191
9442
806
9376
6008
611
372
7169
807
8428
799
4235
8957
2920
792
8564
3707
2329
3832
5172
7774
3591
9298
9248
1471
7939
4751
5225
8353
5574
6806
1760
8917
6517
8234
2898
2798
489
1311
1696
2623
5308
6958
1633
4143
4785
3871
1536
4682
5210
6982
1658
2687
1190
9566
5472
6653
7800
475
5893
6372
4267
8562
73
3222
7197
1853
3536
4694
6223
7224
8211
603
4524
7899
9617
6409
7790
8460
1512
4083
380
9260
7099
5730
9639
4135
5348
1461
2068
9408
5304
8504
1181
2516
4021
4165
643
340
6750
7071
5362
3635
6113
113
5698
3735
333
2244
3332
1934
6628
5615
8271
3314
88
7000
2776
6231
3675
2318
6626
8799
9564
2534
1156
61
6788
7107
4237
5948
2680
996
9352
8713
8200
7262
6493
2756
9621
8069
4125
2994
8930
2952
986
5996
4163
8006
7081
5434
75
2966
6884
1048
751
6613
9474
515
4820
2127
8322
1480
4385
1665
501
4540
1849
5024
5597
7978
418
4474
9748
8892
2846
6888
2066
5556
3820
9444
1545
5526
9426
6071
7686
3467
4119
9480
1605
1360
3269
7296
9384
4255
1704
5306
8840
3161
8285
3767
567
4564
9134
4285
9478
2882
6332
8508
601
4793
2010
3082
3824
6365
499
5168
511
9136
3651
8114
5972
7860
2373
2824
43
8626
7682
1243
8749
6417
533
448
9041
864
6713
565
2816
4574
3390
9049
7610
9472
8534
7824
8363
3956
8995
6454
5265
1359
2113
2678
1306
3581
7796
680
4783
4197
1238
4219
215
4061
3938
8036
3266
1827
2820
7150
55
1244
3725
3205
4781
3073
9528
1120
6605
3286
1639
5261
3088
930
2520
6891
1100
4791
1492
8073
350
2409
8697
6297
8938
678
3761
4327
7558
8936
5666
631
7976
4043
9234
9152
3239
1004
582
866
9100
3685
9332
639
9538
6742
6278
1144
8655
2762
329
6562
412
4171
8827
3392
6249
4454
6482
3649
459
98
9027
4337
2716
8550
8630
4101
8781
9727
3601
2235
7644
6752
7165
2856
2096
285
7187
388
653
7312
747
8062
5838
4802
8288
1611
5817
522
7885
441
6043
982
3558
295
3587
6491
9524
3571
1930
7139
6726
5318
7091
5769
2826
1997
3508
6111
9576
7919
8596
749
3103
1124
2658
7023
9504
1423
2105
623
3593
1451
8361
3348
8848
821
1726
5967
5532
3304
8227
455
655
6576
177
5385
6225
1024
5613
4221
304
4039
1684
6151
6161
2485
127
5428
3487
384
6012
2160
8014
1398
1839
6790
253
8689
7782
7650
8269
5969
5981
5738
5468
2451
5690
998
7910
5202
8733
1825
6964
1142
7615
5509
4901
8520
9532
7877
8054
2568
761
7246
9023
8572
8657
1074
5037
294
2720
886
335
1084
8612
3250
2291
4365
1295
1309
325
9708
5179
179
1859
3012
2422
1925
2933
8162
4686
2316
5651
3213
7230
1977
7998
9398
9396
7055
4396
7320
3181
8242
9254
5799
8311
197
750
9615
5918
4509
2544
5821
7353
392
6566
6758
4612
1279
8785
5484
9218
3252
4057
1058
6131
8095
8907
9581
543
3862
5259
3743
5153
3775
2884
8280
8412
974
7287
8333
3163
4019
1889
9276
1723
7316
4434
7970
7955
2037
7183
3020
3848
7733
5360
2694
2239
1876
8170
1568
8667
1917
6350
5875
3852
8391
4091
4185
7051
4150
7722
8221
9262
6521
8458
6659
8645
1946
7848
2960
9611
1821
4104
2744
6316
1046
9174
6855
3159
9010
3803
2530
6596
4093
2513
1136
9406
9202
2327
5376
5926
6966
6598
4507
5858
7810
1682
9432
3533
7798
9124
6099
4505
1911
1835
6906
705
856
9055
8647
1770
2714
9536
171
7702
9294
7996
3418
1258
868
2692
8229
9047
5410
8727
2430
5222
6594
7233
5805
9122
7947
4592
6244
6407
666
6069
7111
3452
5791
3489
2365
3090
5922
8110
5430
1432
3585
6572
9522
8056
7569
5380
4177
7038
6441
1266
6910
7726
5589
9702
5280
6456
5550
7927
1241
6169
5934
3274
3597
563
3448
5300
7866
5396
2684
5366
4053
8753
890
5164
4947
7788
8128
9138
4638
6533
8512
7907
8408
5514
301
6014
3896
5216
287
9402
4341
7085
2045
2518
1714
4761
2172
6364
7743
6804
3983
153
379
785
4141
4263
8709
8911
4133
6818
8126
2248
2295
5456
9182
2287
8899
1649
9466
8707
7666
779
3193
3796
2688
1778
221
6105
8846
8544
1953
1104
5354
2463
7933
4003
6401
8807
3326
2200
7596
7968
4808
7772
2256
2090
7126
9605
8737
5932
4025
4289
8588
4406
8514
8747
1660
9492
7935
5426
8102
231
5492
6772
9126
5346
4478
7737
8932
888
2742
251
3201
7208
6849
9520
1897
3084
916
3963
3713
7346
3537
7929
5647
453
6564
5158
4680
4207
2170
8616
5751
3678
4383
7678
7162
8142
7711
9684
3729
922
892
6901
3950
9051
9404
531
9662
8717
2970
651
3589
7166
6607
346
4706
3260
3058
2481
7672
1961
9709
2740
4033
9660
5504
3503
8915
2754
5558
9146
1677
934
8755
9029
6331
129
4684
7611
9642
7762
5442
4287
7879
7646
9284
5243
2732
374
9306
4658
7585
6211
7577
5621
8903
1831
2706
3922
5930
1250
2850
9619
6049
4031
6209
9035
4391
6339
8703
2008
3531
8813
8985
1125
6497
7627
6469
6754
4432
9316
5286
6357
9731
2497
3006
6873
5643
9031
5601
5436
3380
487
7206
4075
1160
597
535
7931
8854
1681
829
5229
5670
9518
1090
1298
5889
3810
4648
1587
4733
9392
2143
3900
6525
5310
5420
6031
9452
2830
605
7814
6512
3486
8067
3340
4773
5440
6322
823
3693
1044
6560
1940
9648
5394
569
8969
1724
2810
1963
3288
7856
209
2016
8216
8500
3362
4106
3321
8999
4387
420
6592
431
1062
8975
3846
5702
6669
741
7075
1970
5288
2558
4351
9230
6187
7079
6611
5674
1134
2800
5350
7258
2
7608
5580
8104
6089
7758
9242
4371
2013
1720
4379
684
3561
6389
7621
1356
3334
6615
3179
1748
3189
9412
2351
1766
3054
2062
3412
4944
5990
9766
507
5976
9057
5296
3763
1108
267
5846
4428
3243
1467
338
1795
1488
5746
4452
2324
9717
3721
4608
5830
9216
4394
9288
9416
6153
3062
4239
8106
9436
1283
7842
239
111
9194
3465
7021
4231
5903
8305
1282
729
1635
8393
3808
8292
6330
3892
8568
6334
4744
2100
7563
7186
9601
9454
3946
6840
6217
7714
9356
3246
7136
2383
8973
2182
5147
1851
9550
4323
8207
2018
8156
327
3782
6193
86
2712
5958
6427
6986
3436
1936
6527
6000
4430
6159
2236
4
3979
8548
2766
8254
4520
8196
4816
2083
1333
50
3272
3673
3834
6133
2493
1526
2270
9065
4456
5899
6558
5554
8951
4798
9631
1296
5753
3008
8351
1985
4201
3169
9120
2631
4251
1819
1585
8440
1152
2176
3208
5744
8446
2730
6545
5257
2822
3000
6581
8174
3302
9506
6639
4958
3473
4363
3229
1370
722
9322
6368
6734
5895
4051
9572
2860
8337
6295
9464
8838
8546
1150
3667
4418
4620
362
6556
1443
7994
1426
1516
2040
1331
3231
8809
7341
766
8928
9706
6620
6195
1490
9388
9767
307
8934
6927
7319
1092
6253
3398
6831
2035
8956
1893
7219
5450
3631
2605
2595
4789
6705
6609
1692
6501
4349
2587
2844
6641
735
100
2611
3844
8048
2934
1746
528
6645
8949
193
8721
7555
2231
2156
8323
390
9678
8205
2958
2191
7794
9118
8942
3664
9112
331
8418
8751
2226
6859
880
5494
4513
2842
6129
4812
1772
4920
491
946
7315
8691
2682
6815
269
2208
3471
1366
3747
2289
8586
6308
7147
2359
2124
463
7225
3115
2968
1459
7271
715
861
9646
9274
7760
7553
5466
2541
6291
8852
94
7202
4112
5502
311
2990
8454
9374
3929
4216
896
3499
4059
2528
1158
7748
3882
2548
8098
6929
8971
493
4640
4116
8610
2770
5003
223
9238
343
9037
2465
2224
8024
8383
5767
449
3625
7073
6794
6786
3086
8004
6429
9350
1857
9154
1496
2560
2862
1222
495
9514
6280
7594
9652
2060
2930
6537
2395
3552
8594
7216
3404
4110
7770
4624
1033
4731
4723
4720
1148
7670
3549
5720
7660
5578
4741
3444
7227
5486
4462
3749
595
7850
8797
2951
3717
364
7007
6215
1577
6671
6077
323
2636
4698
3971
3874
815
3241
3105
6165
3402
298
8793
8329
5854
8359
1883
3099
57
7786
7102
8462
1287
7776
8018
8789
4534
944
3018
2130
2662
8582
2736
3322
4978
2796
8614
5632
2570
358
5187
3171
2577
8983
8482
1210
813
8060
451
764
2808
2428
7168
5789
6499
8108
5824
8791
8050
1363
9414
4375
4688
8081
366
2660
3151
4335
9755
6246
878
549
4482
3133
2840
1702
1086
7232
4556
783
8464
3932
7281
1514
9682
5314
6738
1478
2748
7113
6397
5496
9613
5044
5255
3958
4424
1647
539
7658
525
990
1956
3432
4834
1625
5568
5715
7205
2075
8763
386
523
3282
4622
9577
1264
3187
424
2790
3838
1232
3868
6314
1869
2864
4167
7589
9763
3607
8882
9240
7019
4884
5408
7862
8434
8422
299
5560
32
1558
7816
1978
4273
7045
3997
2648
9609
3619
621
841
3167
8016
8307
2524
4800
4602
8536
9278
3779
6896
3046
5370
2984
2483
1555
2601
2426
9692
8046
2993
6507
7756
5176
6984
8566
6117
5249
2174
2640
3068
1694
3961
6115
9468
8592
7716
4542
9593
3780
2956
4491
5220
8858
2379
2092
5672
8661
2397
3812
6462
7174
5478
5218
1034
4153
8598
1823
7171
3217
6798
2944
3463
7223
2052
1758
5231
6067
8783
1304
7895
6239
140
5793
3695
6025
1583
9579
988
1589
4961
41
3036
6768
2027
3595
8044
1372
7953
9290
9043
30
6413
5214
1994
8438
1570
4928
6635
6857
4628
1706
3894
3394
827
1325
8606
4662
4412
7881
5416
5251
5406
8178
7750
6073
1380
2928
5326
1256
6447
2447
4614
9364
7698
5290
7623
2784
8166
8635
3416
6808
3559
6736
1528
9045
6257
6836
24
3024
5724
2070
7840
406
2487
4359
3858
4013
733
3038
1036
9390
6748
8886
6728
262
4466
7322
6248
7731
737
4822
9270
1651
9208
7951
2495
3723
5520
7680
4480
3697
1557
4381
6347
7065
966
7575
6157
12
6617
5482
6403
9075
559
5475
9482
337
6541
4866
5694
6431
9490
5777
2532
2266
9224
4325
8486
9568
8377
8895
4725
8510
4674
5848
9422
5239
8432
8349
4528
1010
9462
2886
8000
1172
2878
6263
7027
1954
8426
8836
6329
6175
3080
5330
3818
4317
6399
1394
4049
6443
4027
8925
4660
9004
81
9114
2854
7674
175
2079
5617
1408
9644
78
8888
2597
8815
8420
3477
4652
9002
479
593
7116
9595
2043
3430
8172
5398
6324
4422
8687
6513
2724
9186
4195
9741
1122
8077
281
6630
7148
6127
2337
8309
4828
5302
6487
9711
7891
6227
3455
7259
6059
167
1277
6474
5364
1673
2987
5765
5458
3400
633
483
2764
5162
2698
3578
5545
7949
1532
7057
2331
1273
1801
1637
1551
1841
7209
6201
6173
2876
3711
5832
984
1572
291
8979
9150
9542
7718
8040
4345
4303
8264
7083
545
4632
4276
7966
497
8538
7120
5627
6770
1534
6449
5850
561
968
7784
1671
9090
663
7858
3076
7923
5498
2082
6095
3989
3223
6125
90
4746
1938
3306
3124
9212
4849
8663
7218
6813
587
7199
3511
8286
4426
8771
1206
8741
2621
5887
4714
4233
2371
5282
9178
7804
8909
3300
2546
3336
4596
2211
1980
1274
1428
7598
205
801
9382
5546
1627
4175
4907
1276
3890
3655
3627
5736
4767
7141
2054
2414
3856
7990
2050
414
8124
3540
6947
900
2666
1518
161
2579
2104
1880
1289
8168
2507
8214
435
717
6171
5198
4295
1595
147
9743
146
7222
5965
5840
1520
2628
2972
8997
6018
2098
6574
6061
9700
6724
45
6376
8152
4131
1335
5322
5518
5901
8743
4818
7662
8345
5263
7270
7307
8238
9694
5734
6551
7832
6762
3249
398
1094
1202
835
8134
8275
4495
422
8404
1815
7739
6865
1482
4023
2194
4560
5732
1919
1575
3771
3426
4293
2772
9336
4489
9654
8132
2788
4642
5637
701
3016
8757
2320
5869
870
5145
6241
7304
3354
8444
661
4015
1302
5944
6027
5390
1540
2818
1756
9110
9607
9446
2353
8715
1879
8028
8651
5811
317
1811
1066
9079
5914
9128
4444
5591
1248
3741
2119
1174
3975
4899
6539
579
1786
244
592
8484
1080
8775
3209
109
9162
5480
7696
9366
4656
3755
2634
9729
7318
4604
9534
6643
5607
3386
7117
6898
2646
2997
4729
1508
6141
9368
5267
5183
2204
7292
577
3211
107
8158
1591
6918
5582
1082
3034
8779
6710
3388
3296
9061
3064
9232
645
8723
1430
1927
8574
8729
8725
6718
6826
3292
6495
4546
8880
8303
51
4650
2804
956
6468
7254
4610
5271
1817
8194
4497
6057
8981
1226
4634
1252
2455
8365
7836
1646
9562
8020
3440
7706
9220
9362
9696
2780
53
121
6023
7581
8375
93
1774
3787
1479
1415
9164
918
2322
5860
8991
8719
6203
8298
4409
5195
3497
6213
7235
1663
4735
2459
9198
9071
4678
8079
9258
1738
3543
2162
6843
6792
2189
9017
1968
7685
3262
4538
4414
3991
7299
2477
6415
2029
7267
1388
3237
688
7175
7276
3376
8868
8653
2556
6145
7911
8923
6269
117
3450
8182
3519
1054
6600
2760
4217
2393
5759
4089
7893
7069
1102
1020
1996
3555
5710
1162
4911
8831
5247
8389
5704
1376
7152
5292
4307
9680
5488
2262
6505
8560
4313
5603
948
5269
59
4123
3567
2583
9688
3765
370
9554
8940
2566
9268
7617
3816
1400
2166
1421
2704
5645
5974
6973
8192
3290
5149
4550
186
5320
8318
7128
9156
3517
7204
4095
8649
7962
6570
1419
9704
8112
5593
6515
1754
547
7654
2004
8490
4301
9130
3621
649
4806
6720
1228
9282
3948
3687
8032
9713
5564
8528
4029
4402
4203
4169
615
6863
1776
1972
1184
3344
6219
4331
876
7098
1410
1987
8576
6478
69
2503
3107
3050
1909
4869
9440
5516
6119
7980
5912
9757
3985
3981
3414
731
8921
6081
2702
2511
2939
6149
8639
8864
938
6780
1641
6335
2258
3884
3308
4755
6954
4319
3153
8850
5844
8480
3701
7043
3671
1386
8498
1182
7619
8030
4373
2585
5584
7754
4552
1710
2867
9548
7828
1285
9015
8795
5877
9486
8685
5189
8094
2095
142
3603
3227
8088
8659
843
6366
8860
7692
6207
699
3886
8136
1653
9560
1932
4708
157
1744
3545
3175
5757
