3026
6587
2379
821
6419
1585
8110
4694
2993
7724
4357
1410
9172
9660
4161
8522
8502
4267
3064
8322
8466
9214
3735
3149
777
4793
2672
9452
8785
5883
2654
4163
2266
2060
966
4430
203
1583
1333
9192
6966
9713
3882
7866
3525
6560
8568
6471
2509
2526
6831
453
7772
2163
9338
7065
7619
1538
3961
7235
6439
4253
6592
759
9154
9766
5560
8112
5160
1744
5860
9356
6211
8737
8288
1423
8542
4670
9599
3862
3649
7792
1086
7299
1698
4785
9454
7191
4021
5550
1857
3398
7726
2928
5247
4440
4193
4718
7685
8663
8406
860
2830
3591
368
8128
3054
5686
2331
3625
9478
5193
7617
93
3237
6002
2640
5251
4528
8709
2487
333
5269
4387
6800
5482
5854
8081
834
6239
7935
587
2436
6762
4110
3932
1376
5838
528
7569
2684
6415
1997
4806
8749
217
5354
6235
5742
900
4869
1575
7197
5243
8422
8973
8365
1461
8838
9059
2736
8325
4751
6515
475
3143
9370
1436
6401
5286
227
5556
8114
3080
3894
3536
6576
9158
8196
2407
3185
1919
3561
2152
1036
5751
9350
4507
4464
2722
147
6029
6474
1859
2248
970
930
7252
5038
9118
964
8911
4735
7206
4495
8779
7978
7222
3416
8381
1516
2850
5597
7273
428
1296
3058
6103
3406
3191
4418
7146
3541
1188
553
5458
6566
6231
2000
655
7996
9081
8329
9280
3272
8626
3201
137
1934
260
817
2696
6746
5496
501
7846
3757
5824
9694
8134
7171
5963
8586
3830
9516
2166
6893
8564
3068
8375
6207
2922
3900
8234
5290
8102
8100
4408
6464
4061
9404
6736
6447
5145
4928
6910
9438
5342
4141
5603
6105
2459
6630
5748
7571
2542
7722
9607
133
445
8336
7315
6843
3985
9055
8995
9727
1300
4798
6365
8781
4690
2856
1930
6225
8850
7175
9043
5255
9682
2355
3926
9755
5402
8846
7579
2952
8292
7716
382
5840
8880
6295
4067
5836
5396
7604
2595
3316
129
1092
4862
5480
6734
4741
4474
4783
8040
4720
7107
6583
5484
4530
1760
3810
6334
2511
1871
1315
8773
8462
3392
705
6199
2660
307
3235
666
7796
487
8442
722
3619
9057
3163
3412
304
5744
3117
1679
7274
543
6710
4434
8490
3890
1160
2054
7611
5698
7832
8689
918
8562
3097
2920
4907
5444
8150
7136
6433
8548
2228
205
880
5647
3753
6083
3505
4800
6191
7598
2750
9108
2840
7200
8042
1034
7120
7927
3531
1024
7737
5985
6635
682
886
7798
8258
3171
9090
8095
1801
7593
6006
6545
8170
8484
3073
1726
8556
8343
2826
801
3151
1048
9702
8793
6859
4612
353
5198
7186
155
9262
8188
8659
1232
5738
773
1540
3725
2345
8645
8174
489
509
2808
9039
9100
2956
7733
3665
2095
2280
6947
3832
2117
45
402
5181
3321
7834
8028
8088
4345
1066
593
8971
4139
1978
9208
9061
7093
8452
529
2485
3856
1579
5803
7650
8030
6607
2270
4680
4309
2914
2772
9637
2389
2369
9492
8610
6008
932
9605
767
8162
1311
1762
6095
5249
2409
5296
4104
8148
2796
1380
1064
3721
4834
9182
9294
2688
3678
8254
9639
4183
2587
8073
6089
1599
7173
2577
1736
5591
5918
6403
235
4263
2702
1467
1141
8280
6244
5292
3175
9216
6409
1224
6605
1825
3978
657
3205
7258
8004
9266
8661
573
9164
3638
8775
7216
9170
8054
5932
9284
8397
8751
7248
2966
1282
1788
2082
6332
3860
8146
5821
1530
4574
1190
9326
8991
1181
1784
2096
6299
678
8194
1764
3755
6620
7183
7682
6107
5318
5720
7069
2235
9075
3390
1514
6466
8242
645
8391
7822
5265
1532
3322
6855
4219
7073
9230
7243
2867
3167
6931
5978
3155
583
4503
3360
9218
9512
5934
1134
3086
5189
7731
663
1681
9648
3113
3284
5326
9704
3747
3595
898
6849
5914
9073
8825
4654
5757
78
8687
2079
2756
7276
2463
2293
2204
9504
4159
2465
825
5394
497
3091
1279
111
9587
2623
2524
8470
2611
6233
1790
6350
6065
8803
2303
6752
858
1220
4389
7668
2503
6217
6161
8707
2295
557
8476
1932
6918
6898
4249
8997
7998
1581
6834
1534
1876
448
9644
2412
5530
1084
6780
8699
479
1570
692
1927
3183
8765
8420
9274
8050
5364
9320
2980
5672
7923
350
5202
8596
5761
7179
1132
3710
2902
3681
1572
6193
9010
633
1863
9366
8290
9711
7110
785
684
924
688
8938
7208
4558
1302
4394
135
3008
1432
1124
3394
7911
9132
5632
8858
4576
6588
1392
6495
1768
5582
9619
5330
7262
8124
9642
1883
4031
4812
2873
7563
8979
1012
7666
2018
6165
1577
3288
121
8500
1415
4213
9735
4245
2180
6572
3790
2925
6282
4493
4698
5858
144
3878
2884
8006
6437
6754
3545
9709
9174
84
9508
2318
3326
2746
952
6804
4591
3673
938
5627
7959
4381
7220
5704
5536
5229
4385
3463
5436
575
1942
699
1889
3332
2291
6443
6380
3048
7639
2403
6203
6840
8440
183
8534
6261
912
7804
7318
1102
3683
9306
5649
998
8058
7625
4624
2854
2447
3558
1994
5044
4454
6596
5432
3161
8486
8014
4911
5670
9316
1673
8925
9731
8238
4349
8554
2384
8518
5809
5012
7331
6738
1770
406
751
9430
5222
285
4622
8598
8578
3601
1663
1482
3215
1706
3050
3298
2119
7152
3133
1948
327
8866
9124
5634
2211
4195
4727
38
7877
1625
5220
4087
6382
3617
3262
7209
449
4285
6320
3378
6822
1110
9424
6713
8711
7113
7292
8717
4131
7254
2786
9422
843
771
755
6929
2632
1184
4628
8092
3105
4676
6061
1128
5708
1518
1044
4191
4181
5037
7891
3593
3818
3523
414
7953
9322
4538
5996
7656
5724
6297
3222
9122
4313
4221
6906
2477
9112
6376
47
2258
3314
4283
86
4947
2162
4271
1855
5383
7939
8606
3765
5875
8229
2428
4820
3241
6611
6119
4478
239
7051
535
6429
8514
3858
1283
4227
8755
1807
9250
8367
5003
5946
9025
3627
982
5162
1913
7760
592
7706
6053
4876
5899
3491
3006
4901
1829
9486
9126
337
8977
4487
1936
6246
1649
1647
9609
4033
6389
4167
1388
1400
9522
4169
6758
8361
8307
1809
4089
1295
4373
4789
8341
6462
8560
7138
2327
294
7338
3983
6476
237
4884
6533
1774
615
4037
231
1613
2027
7233
6173
5426
3489
9244
1522
127
3559
4723
4775
9721
7594
942
5564
441
7631
4761
3260
463
8669
4542
3282
4462
8691
4662
7674
5438
6973
4116
1228
7115
5856
5877
922
5607
4039
5288
9096
471
3078
3884
3002
6257
1408
3459
4276
6964
2246
9520
6045
1637
6493
4295
7117
9288
6359
7627
7814
3782
3111
3922
8056
7883
3585
1605
6903
5466
163
2700
1386
4379
7862
6127
229
2006
8753
4231
8892
2393
2864
7287
1285
6728
6705
2613
9017
7575
8540
6274
5930
1370
1150
63
2982
6527
3495
827
631
2716
3274
2075
4106
9015
2329
6018
7784
7919
2375
3302
6187
868
3671
3482
1558
1031
6836
398
5412
6653
7187
3424
2838
6151
3418
8987
5153
6622
6776
2156
5639
3308
2371
3796
7102
418
9031
5532
1892
9278
4682
7992
2141
8275
5434
6891
1314
3607
3461
2628
9270
4333
6845
7646
6853
6613
3969
6942
8264
7353
6742
3450
7889
3382
255
1597
6865
8886
4059
7011
1241
7994
9092
7148
6615
7116
6073
7610
4516
7947
5572
4544
1104
5834
3362
6468
2418
9518
4626
2958
5259
8482
5420
896
5688
8079
6115
6986
1120
5889
3127
2052
343
6896
5446
7974
511
547
2601
5408
8940
1655
8345
4763
6020
3695
7346
3829
8244
4532
2497
1136
1394
5732
5960
6417
7549
1633
7589
8182
3233
2634
1426
9562
2906
9767
2968
3840
8928
6537
4216
8795
3527
193
5385
5658
4872
8809
3669
4560
2434
9763
1080
6956
6308
5950
4
6033
962
4944
9442
7633
9414
4638
3153
9242
2818
7644
9380
6551
6123
2388
3084
4099
9603
9047
5769
5558
8282
3243
1182
1865
4608
5308
8767
1130
2798
5195
5300
1417
3340
1811
1792
5988
8140
3834
5848
4688
5170
5976
1766
2353
2896
9524
6873
7099
651
1520
6357
8000
787
9560
251
5261
551
5753
3436
7111
7230
4095
2780
5791
6205
4692
6431
1609
8430
275
7664
2143
372
1982
5204
7219
7613
2516
5844
5773
146
6945
167
1459
1670
8504
4187
5578
709
109
2662
5554
1390
6984
5156
8647
9601
4015
7704
386
6278
6183
2130
90
100
9574
1724
4375
2241
7147
8393
9621
6339
9684
8743
9406
934
9708
1248
597
9688
8807
9650
103
5678
1723
1309
6372
4808
7585
6574
9258
4053
3898
1174
9324
4578
1921
8739
9071
6935
4119
9178
2934
9617
2732
8882
273
7770
117
6684
2224
7635
5428
7144
8337
2453
3950
9542
8480
7810
1236
7087
2544
6141
1453
8907
3769
313
639
5168
2812
3846
4365
7885
5280
1500
595
6331
4737
6157
1627
8024
7848
5805
2666
3014
8231
3487
5811
4400
764
5282
7951
2997
8827
8106
8355
2824
3533
9298
9364
4620
8432
7800
9065
2530
7964
2359
3497
3103
9597
461
4509
8942
1660
3231
9488
8719
3701
8675
7055
2709
5690
2804
1192
4027
6867
1100
3971
6338
9260
2898
7166
9114
7007
6541
3942
5702
1428
5298
8205
32
8570
215
6580
1162
5440
9186
3290
5210
8428
2566
5498
125
2574
6760
9336
298
6280
8186
1273
4321
431
3877
7966
3217
346
864
98
5910
4644
7047
8685
1738
8260
4522
9631
5149
5885
9536
223
2548
8414
6293
6197
609
8985
621
9680
1478
5972
3380
3173
263
7870
1058
6027
5787
946
12
3354
3775
5516
3848
7629
5388
6857
5200
1126
3954
6449
1901
1366
8888
157
8320
2191
2174
6291
3252
1690
493
4023
9224
6954
4714
1020
1543
7137
948
6748
9746
6871
1479
8118
7261
6149
8612
9646
4773
9196
5231
8458
5512
3082
67
6671
7027
8446
5390
7555
2260
8747
4201
4255
1946
1827
6256
6248
7854
5815
3745
761
892
2147
3422
3269
4652
3850
4568
3430
2970
9692
1688
269
6794
2124
890
2605
1815
8667
2489
8550
8949
6505
1615
1471
102
7702
4077
5534
3578
1611
3102
7000
7662
197
8192
245
2558
1490
9550
61
5494
7816
878
6718
4153
974
2564
7322
9658
8108
241
5406
2239
1152
6133
1496
8010
7269
3254
2581
4899
8371
7654
5846
2844
2742
4325
8566
2004
88
783
1756
3434
5850
2698
6213
3499
505
6000
8741
4317
4674
3208
525
1646
3501
605
3348
1545
7680
8236
668
5785
3211
5478
2760
3938
5795
8799
603
9134
299
7774
729
267
1054
538
1841
7596
7165
8651
1492
9138
4550
455
4546
4520
4664
4824
3651
4818
8852
8848
289
541
5601
1671
2687
5866
9392
8823
36
4742
8815
2068
1869
317
8166
329
9246
9051
3826
7828
3024
3076
5320
6099
3838
4708
3467
4171
2234
153
2178
1210
7970
8917
8963
2913
2998
2252
6513
3121
2730
325
4614
1734
7038
2160
8653
3300
6617
8725
4063
9162
3046
1720
175
8136
7139
577
8353
7895
4079
2016
7686
4725
2954
8077
4305
9037
1156
5452
9572
4404
6023
7712
3703
7057
2
8046
1568
6996
5763
1484
2944
4239
1692
4402
6512
7270
4293
1226
1940
6456
7081
2196
6215
9546
940
5668
3366
5302
4125
3227
3621
2274
4091
4866
8404
4566
316
8048
6407
533
9374
5924
467
1551
2788
737
3521
659
815
3448
5486
8214
9282
6657
4025
1819
7802
6469
6316
2560
7189
2972
1925
3486
8831
7141
3803
9480
4205
5267
8316
6081
4123
6509
5348
5518
233
6263
9593
1258
2800
790
8538
5158
1696
8464
7267
7676
7096
4796
4043
2242
1603
735
5358
1996
1653
4610
5645
8221
6177
6330
715
2272
1786
4197
5522
1593
1795
8630
7060
9490
1992
443
4369
81
75
6626
2664
3896
5362
1879
8965
3000
2362
1915
6397
8783
9625
4301
3653
1880
8868
3203
2062
4165
4871
3432
1443
7558
7150
366
451
3465
8075
5922
1398
3258
2583
980
5346
3376
674
6113
5593
7271
1839
1694
1382
9248
4759
6010
8797
9635
3948
9528
8842
4849
1438
4414
221
1486
9110
8158
2890
7788
672
4588
96
5584
8016
1661
1298
8697
7982
8269
2556
1319
9384
435
1963
3429
3012
717
6425
7962
2591
5956
5789
8379
2256
2933
7169
3197
7204
882
1557
8705
7750
956
9388
50
1526
6014
6219
4536
996
5187
3615
5322
8126
5948
2820
4710
5418
1329
1158
561
5502
7881
1470
2951
2714
7225
7893
3036
1754
2842
6395
8022
9004
8757
9398
5450
34
3806
8071
6556
2668
5871
5172
539
3787
6159
902
8172
9514
3471
3018
3107
9466
6813
5208
4217
3929
2724
5613
1304
6324
3193
4426
5912
2776
1356
2710
4432
5580
377
1148
4744
4781
8923
3159
7174
3693
9332
8460
762
1038
6031
8729
2493
1502
8494
5504
8498
5545
8632
2552
7714
295
8604
5454
3814
8180
4135
6643
6312
649
6826
545
18
4746
3888
7990
4466
7955
9128
3675
8271
271
4497
9212
5901
5759
69
1354
392
5967
8813
2289
7567
7879
4791
3052
8373
8921
8178
5734
806
9568
522
1250
6724
1748
7091
4121
4017
9198
2194
2200
73
7976
3179
4828
7319
5832
2520
7577
1396
8574
9595
6519
6195
6478
439
7766
1026
5928
2862
374
9150
6594
9234
8510
8097
5666
1194
6071
2467
2546
7602
4150
4513
6482
2206
1665
5378
5468
9041
8862
4534
3805
1238
7168
8951
4319
3963
862
7223
5643
2343
7259
3934
8116
2917
2040
5696
5694
4406
7824
4816
8723
6778
5710
1730
7246
567
6697
7232
9456
5331
1090
601
9670
5905
1817
6049
4289
707
747
9402
3062
2172
3801
4341
3988
8520
2939
6553
9482
894
5974
5179
9382
7019
2790
4287
1849
1072
986
9739
8347
1222
7748
2050
1752
1082
6347
2984
3555
2617
9576
82
5263
6766
3209
8936
6153
3115
9498
3256
3603
1975
8608
412
829
3844
1488
3529
53
2471
643
6063
3264
6253
6497
5965
8771
3771
9185
2035
3719
7949
179
5998
797
3717
6564
4396
2365
794
249
1617
4323
3404
6223
4477
4564
8250
5448
9358
1276
7079
1406
2113
7237
9368
7281
750
7718
1799
701
3358
3997
8285
6786
9049
7899
1243
565
1629
4203
1052
9566
9362
9544
4207
5926
7739
2646
611
5224
781
6364
1274
1867
4371
8132
3511
4888
3452
345
8488
3356
4009
2066
8572
2528
2752
3871
627
4731
8062
4660
3229
9232
7553
1885
2182
7336
3812
7126
9136
3667
4444
2357
3016
8528
7933
2473
5442
9252
719
5609
8655
1682
3643
9292
6421
9412
8412
4518
9268
1325
3581
6227
2674
9717
9743
739
8069
7304
3749
4978
8298
2603
2132
8703
8833
340
866
7708
3070
5235
173
2236
6598
523
1960
9652
8273
3808
3388
2782
4047
5374
4337
7692
2422
3426
4678
5350
8209
57
2534
7790
3854
2395
1728
7756
2501
2607
9664
3124
2244
4598
5781
1587
8546
1837
4409
5509
8438
9396
7941
2037
4658
4596
8383
8506
3444
311
6423
3639
1317
9330
8544
3475
1200
3342
3336
113
884
6185
3310
7040
